%class percentage plot program
nrx=1                                       %1 = pedaling, 2 = towing 3 = no hands
% speeds in the different measurements
speed=[5 10 15 20 25 30 30 25 20 15 10 5 4 3 2];
speednh=[30 25 20 18 16 15 14];

%Transforming the different modes into classes for each run

%1 = longitudenal / lateral
%2 = pedaling + upper body steer
%3 = steer + yaw + roll
%4 = bounce
%5 = knees
%6 = Other

%       1 2 3 4 5 6                    component
r3052= [1 0 0 0 0 0;...                 %1
        0 1 0 0 0 0;...                 %2
        1 0 0 0 0 0;...                 %3
        0 1 0 0 0 0;...                 %4
        0 0 0 0 0 1;...                 %5
        0 0 1 0 0 0;...                 %6
        0 0 1 0 0 0;...                 %7
        0 0 0 0 0 1;...                 %8
        0 0 0 1 0 0;...                 %9
        0 0 0 1 0 0];                   %10
    
r3053= [1 0 0 0 0 1;...                 %1
        0 1 0 0 0 0;...                 %2
        0 1 0 0 0 0;...                 %3
        0 1 0 0 0 0;...                 %4
        1 0 0 0 0 1;...                 %5
        0 0 1 0 0 0;...                 %6
        1 0 0 0 0 1;...                 %7
        0 0 0 0 0 1;...                 %8
        0 0 1 0 0 0;...                 %9
        0 0 0 1 0 0];                   %10

r3054= [1 0 0 0 0 0;...                 %1
        0 1 0 0 0 0;...                 %2
        0 1 0 0 0 0;...                 %3
        1 0 0 0 0 0;...                 %4
        0 0 1 0 0 0;...                 %5
        0 0 1 0 0 0;...                 %6
        0 0 0 1 0 0;...                 %7
        0 0 0 0 0 1;...                 %8
        0 0 0 0 0 1;...                 %9
        1 0 0 0 0 1];                   %10
    
r3055= [1 0 0 0 0 0;...                 %1
        0 1 0 0 0 0;...                 %2
        1 0 0 0 0 0;...                 %3
        0 1 0 0 0 0;...                 %4
        0 0 1 0 0 0;...                 %5
        0 0 1 0 0 0;...                 %6
        0 0 0 0 0 1;...                 %7
        0 0 0 1 0 0;...                 %8
        0 0 1 0 0 1;...                 %9
        0 0 0 0 0 1] ;                  %10
    
r3056= [0 1 0 0 0 0;...                 %1
        1 0 0 0 0 0;...                 %2
        0 1 0 0 0 0;...                 %3
        1 0 0 0 0 0;...                 %4
        0 0 1 0 0 0;...                 %5
        0 0 0 1 0 0;...                 %6
        0 0 0 1 0 0;...                 %7
        0 0 0 1 0 0;...                 %8
        0 0 0 0 0 1;...                 %9
        0 0 0 0 0 1] ;                  %10
    
r3057= [0 1 0 0 0 0;...                 %1
        0 1 0 0 0 0;...                 %2
        0 1 0 0 0 0;...                 %3
        1 0 0 0 0 0;...                 %4
        0 0 1 0 0 0;...                 %5
        0 0 1 1 0 0;...                 %6
        0 0 0 1 0 0;...                 %7
        0 0 0 1 0 0;...                 %8
        0 0 0 0 0 1;...                 %9
        0 0 0 0 0 1];                   %10
    
r3058= [1 0 0 0 0 0;...                 %1
        0 1 0 0 0 0;...                 %2
        0 1 0 0 0 0;...                 %3
        0 1 0 0 0 0;...                 %4
        0 0 0 0 0 1;...                 %5
        1 0 0 0 0 1;...                 %6
        0 0 1 0 0 0;...                 %7
        0 0 0 1 0 0;...                 %8
        0 0 0 1 0 0;...                 %9
        0 0 1 1 0 0];                   %10
    
r3059= [1 0 0 0 0 0;...                 %1
        0 1 0 0 0 0;...                 %2
        0 1 0 0 0 0;...                 %3
        1 0 0 0 0 0;...                 %4
        0 0 1 0 0 0;...                 %5
        0 0 1 0 0 0;...                 %6
        0 0 0 1 0 0;...                 %7
        0 0 0 1 0 0;...                 %8
        0 0 0 0 0 1;...                 %9
        0 0 0 0 0 1];                   %10
    
r3060= [1 0 0 0 0 0;...                 %1
        0 1 0 0 0 0;...                 %2
        0 1 0 0 0 0;...                 %3
        1 0 0 0 0 0;...                 %4
        0 0 1 0 0 0;...                 %5
        0 0 1 0 0 0;...                 %6
        0 0 0 1 0 0;...                 %7
        0 0 0 1 0 0;...                 %8
        0 0 0 0 0 1;...                 %9
        0 0 0 1 0 0];                   %10
    
r3061= [1 1 0 0 0 0;...                 %1
        0 1 0 0 0 0;...                 %2
        0 1 0 0 0 0;...                 %3
        1 0 0 0 0 0;...                 %4
        0 0 1 0 0 0;...                 %5
        0 0 1 0 0 0;...                 %6
        0 0 0 1 0 0;...                 %7
        0 0 0 1 0 0;...                 %8
        0 0 0 0 1 0;...                 %9
        0 0 0 1 0 0];                   %10
  
r3062= [1 0 0 0 0 0;...                 %1
        1 0 0 0 0 0;...                 %2
        0 1 0 0 0 0;...                 %3
        0 1 0 0 0 0;...                 %4
        0 0 1 0 0 0;...                 %5
        0 0 1 0 0 1;...                 %6
        0 0 1 0 0 0;...                 %7
        0 0 0 1 0 0;...                 %8
        1 0 0 0 0 0;...                 %9
        0 0 0 0 0 1];                   %10
    
r3063= [1 0 0 0 0 0;...                 %1
        0 1 0 0 0 0;...                 %2
        1 0 0 0 0 0;...                 %3
        0 1 0 0 0 0;...                 %4
        0 0 1 0 0 0;...                 %5
        0 0 1 0 1 0;...                 %6
        0 0 0 1 0 0;...                 %7
        0 0 0 0 1 0;...                 %8
        0 0 0 0 1 0;...                 %9
        0 0 0 0 0 1];                   %10
 
r3064= [1 0 0 0 0 0;...                 %1
        1 0 0 0 0 0;...                 %2
        0 1 0 0 0 0;...                 %3
        0 1 0 0 0 0;...                 %4
        0 0 1 0 1 0;...                 %5
        0 0 1 0 1 0;...                 %6
        0 0 0 0 1 0;...                 %7
        0 0 0 1 0 0;...                 %8
        0 0 0 0 0 1;...                 %9
        0 0 0 0 0 1];                   %10

r3065= [1 0 0 0 0 0;...                 %1
        1 0 0 0 0 0;...                 %2
        0 1 1 0 0 0;...                 %3
        0 1 1 0 0 0;...                 %4
        0 1 1 0 0 0;...                 %5
        0 0 1 0 1 0;...                 %6
        0 0 0 0 0 1;...                 %7
        0 0 0 0 1 0;...                 %8
        0 0 0 1 0 0;...                 %9
        0 0 0 1 0 0];                   %10
    
r3066= [0 0 1 0 0 0;...                 %1
        0 0 1 0 0 0;...                 %2
        1 0 0 0 0 0;...                 %3
        0 1 0 0 1 0;...                 %4
        0 0 1 0 0 0;...                 %5
        0 1 0 0 0 0;...                 %6
        0 0 0 0 0 1;...                 %7
        0 0 0 0 0 1;...                 %8
        0 0 1 0 1 0;...                 %9
        0 0 0 0 0 1];                   %10

%Towing    
%       1 2 3 4 5 6                    component
r3067= [1 0 0 0 0 0;...                 %1
        0 0 1 0 0 0;...                 %2
        0 0 1 0 0 0;...                 %3
        1 0 0 0 0 0;...                 %4
        0 0 0 0 0 1;...                 %5
        0 0 0 0 1 0;...                 %6
        0 0 0 0 1 0;...                 %7
        0 0 0 0 0 1;...                 %8
        0 0 0 0 0 1;...                 %9
        0 0 0 0 0 1];                   %10
    
r3068= [1 0 0 0 0 0;...                 %1
        0 0 1 0 0 0;...                 %2
        0 0 1 0 0 0;...                 %3
        0 0 0 0 1 0;...                 %4
        0 0 0 0 0 1;...                 %5
        1 0 0 0 0 0;...                 %6
        0 0 0 0 1 0;...                 %7
        0 0 0 0 0 1;...                 %8
        0 0 0 0 0 1;...                 %9
        0 0 0 0 0 1];                   %10

